0.001412537545	0.00010120111967964
0.00145881426	0.00010451658812828
0.001506607066	0.00010794067387195
0.001555965632	0.0001114769353105
0.001606941253	0.00011512904764376
0.001659586907	0.00011890080617156
0.001713957308	0.00012279613099372
0.001770108958	0.00012681907061005
0.001828100216	0.00013097380622037
0.001887991349	0.00013526465632447
0.0019498446	0.00013969608132215
0.00201372425	0.0001442726878132
0.002079696687	0.00014899923389741
0.002147830474	0.00015388063397455
0.00221819642	0.00015892196394439
0.002290867653	0.00016412846650669
0.002365919697	0.00016950555666119
0.002443430553	0.00017505882690766
0.002523480772	0.00018079405284582
0.00260615355	0.00018671719897539
0.002691534804	0.00019283442459611
0.002779713268	0.00019915208960768
0.002870780582	0.00020567676170979
0.00296483139	0.00021241522270215
0.003061963434	0.00021937447628442
0.00316227766	0.00022656175445628
0.003265878322	0.00023398452651739
0.003372873087	0.0002416505055674
0.00348337315	0.00024956765760594
0.003597493352	0.00025774420923264
0.003715352291	0.00026618865654711
0.003837072455	0.00027490977364895
0.003962780343	0.00028391662213774
0.004092606597	0.00029321856041305
0.004226686143	0.00030282525307446
0.004365158322	0.00031274668142149
0.004508167045	0.00032299315335369
0.004655860935	0.00033357531447056
0.004808393484	0.0003445041588716
0.004965923215	0.0003557910406563
0.00512861384	0.00036744768562411
0.005296634439	0.00037948620347449
0.005470159629	0.00039191910060686
0.005649369748	0.00040475929262064
0.005834451043	0.00041802011831522
0.006025595861	0.00043171535288996
0.006223002852	0.00044585922294422
0.006426877173	0.00046046642057732
0.006637430704	0.00047555211908858
0.006854882265	0.00049113198857728
0.007079457844	0.00050722221224268
0.007311390835	0.00052383950298401
0.007550922277	0.0005410011211005
0.007798301105	0.00055872489179132
0.008053784412	0.00057702922385563
0.008317637711	0.00059593312869257
0.008590135215	0.00061545624010124
0.00887156012	0.00063561883428071
0.009162204901	0.00065644185113003
0.009462371614	0.00067794691594821
0.00977237221	0.00070015636153424
0.01009252886	0.00072309325108705
0.01042317429	0.00074678140260556
0.01076465214	0.00077124541298865
0.01111731727	0.00079651068373516
0.01148153621	0.00082260344654389
0.01185768748	0.00084955079121361
0.01224616199	0.00087738069274303
0.01264736347	0.00090612204053084
0.01306170888	0.00093580466787567
0.01348962883	0.00096645938277613
0.01393156803	0.00099811799973075
0.01438798578	0.001030813371938
0.01485935642	0.0010645794243964
0.01534616983	0.0010994511918044
0.01584893192	0.0011354648501602
0.01636816521	0.0011726577544621
0.01690440932	0.0012110684817085
0.01745822153	0.0012507368628974
0.01803017741	0.001291704030027
0.01862087137	0.0013340124530954
0.01923091729	0.0013777059861006
0.01986094917	0.0014228299110404
0.02051162179	0.0014694309839129
0.02118361135	0.0015175574797156
0.02187761624	0.0015672592454465
0.0225943577	0.0016185877461031
0.02333458062	0.001671596118683
0.02409905429	0.0017263392261837
0.02488857318	0.0017828737076026
0.02570395783	0.001841258042937
0.02654605562	0.0019015526031843
0.02741574172	0.0019638197143415
0.02831391996	0.0020281237194057
0.02924152378	0.0020945310393738
0.0301995172	0.0021631102392428
0.03118889584	0.0022339320980094
0.03221068791	0.0023070696736703
0.03326595533	0.002382598375222
0.03435579479	0.0024605960356611
0.03548133892	0.0025411429889837
0.03664375746	0.0026243221421861
0.03784425847	0.0027102190592645
0.03908408958	0.0027989220362147
0.0403645393	0.0028905221880327
0.04168693835	0.0029851135347141
0.04305266105	0.0030827930822545
0.04446312675	0.0031836609156494
0.04591980128	0.003287820289894
0.04742419853	0.0033953777199834
0.04897788194	0.0035064430779127
0.0505824662	0.0036211296876767
0.0522396189	0.00373955442627
0.05395106225	0.0038618378186871
0.05571857489	0.0039881041469224
0.05754399373	0.00411848154497
0.05942921586	0.0042531021108239
0.06137620052	0.0043921020074778
0.06338697113	0.0045356215749254
0.06546361741	0.00468380543116
0.06760829754	0.0048368025891749
0.06982324041	0.004994766557963
0.07211074792	0.0051578554605172
0.07447319739	0.0053262321348299
0.07691304403	0.0055000642478936
0.07943282347	0.0056795244007003
0.08203515443	0.005864790238242
0.08472274141	0.0060560445485102
0.08749837752	0.0062534753674965
0.09036494737	0.0064572760801919
0.09332543008	0.0066676455105875
0.09638290236	0.0068847880176738
0.09954054174	0.0071089135734413
0.1028016298	0.0073402378498801
0.1061695557	0.0075789822829802
0.1096478196	0.0078253741407312
0.1132400363	0.0080796465711223
0.1169499391	0.0083420386481427
0.1207813835	0.0086127953967813
0.1247383514	0.0088921678130265
0.1288249552	0.0091804128558666
0.1330454418	0.0094777934342897
0.1374041975	0.0097845783652833
0.1419057522	0.010101042308835
0.1465547841	0.010427465703932
0.1513561248	0.010764134608562
0.1563147643	0.01111134062271
0.1614358557	0.011469380646363
0.1667247213	0.011838556729509
0.1721868575	0.012219175782131
0.177827941	0.012611549314217
0.1836538343	0.013015993055753
0.1896705921	0.013432826636722
0.1958844674	0.013862373097111
0.2023019179	0.014304958426905
0.2089296131	0.014760910996088
0.2157744409	0.015230560974646
0.2228435149	0.015714239602564
0.2301441817	0.016212278509826
0.2376840287	0.016725008836417
0.2454708916	0.017252760392322
0.253512863	0.017795860667527
0.2618183008	0.018354633792016
0.2703958364	0.018929399455775
0.2792543841	0.019520471708789
0.2884031503	0.020128157711045
0.2978516429	0.020752756432529
0.3076096815	0.021394557263228
0.3176874071	0.022053838683128
0.3280952931	0.022730866752218
0.3388441561	0.023425893740487
0.349945167	0.024139156677923
0.3614098626	0.024870876024516
0.3732501578	0.025621254350257
0.3854783577	0.026390475235138
0.3981071706	0.027178702279152
0.4111497211	0.027986078412291
0.4246195639	0.02881272550455
0.4385306978	0.029658744425925
0.4528975799	0.030524215606412
0.4677351413	0.031409200276007
0.483058802	0.03231374246471
0.4988844875	0.033237871942519
0.5152286446	0.034181608279433
0.5321082593	0.03514496616545
0.5495408739	0.036127962090571
0.5675446054	0.037130622594795
0.5861381645	0.038152993958118
0.6053408748	0.039195153310538
0.6251726928	0.040257220792049
0.645654229	0.041339372032644
0.6668067692	0.04244184991231
0.6886522963	0.043564973891033
0.7112135137	0.044709144488796
0.7345138682	0.045874840055576
0.758577575	0.047062601761349
0.7834296428	0.048273002806087
0.8090958992	0.049506597349768
0.8356030182	0.050763845182368
0.8629785478	0.052045009493876
0.8912509381	0.053350027284295
0.9204495718	0.05467835579365
0.9506047937	0.056028803281995
0.981747943	0.057399360059422
1.013911386	0.058787053446067
1.047128548	0.060187858312113
1.081433951	0.061596696607792
1.116863248	0.063007548593379
1.153453258	0.064413670109182
1.191242008	0.06580786855553
1.230268771	0.067182757422759
1.270574105	0.068530907931209
1.312199899	0.069844853241221
1.355189412	0.071116953483143
1.399587323	0.072339171627342
1.445439771	0.073502823274216
1.49279441	0.074598352784199
1.541700453	0.075615169447776
1.592208727	0.076541562295481
1.644371723	0.077364703837901
1.698243652	0.078070747665666
1.753880502	0.078645020269448
1.811340093	0.07907230216994
1.87068214	0.079337187657847
1.931968317	0.07942450724386
1.995262315	0.079319791758641
2.060629913	0.079009754292796
2.128139046	0.078482765196855
2.197859873	0.077729297151255
2.269864852	0.076742321786316
2.344228815	0.075517644492229
2.421029047	0.074054171379044
2.500345362	0.07235410730666
2.582260191	0.070423088204821
2.666858665	0.06827025097311
2.754228703	0.065908239430948
2.844461107	0.063353136297601
2.937649652	0.060624299852187
3.033891184	0.057744076083684
3.133285724	0.054737360790956
3.235936569	0.051631004102777
3.3419504	0.048453082487866
3.451437393	0.045232097964921
3.564511334	0.041996188332657
3.681289736	0.038772434759838
3.801893963	0.0355863345553
3.926449354	0.032461473547966
4.055085354	0.029419393986852
4.187935651	0.026479618421068
4.32513831	0.023659761899809
4.466835922	0.020975650122353
4.613175746	0.018441364708056
4.764309868	0.01606916159636
4.920395357	0.013869251046797
5.081594426	0.01184947478901
5.248074602	0.010014951292766
5.420008904	0.0083677722959679
5.597576015	0.0069068222476678
5.780960474	0.0056277647510634
5.970352866	0.0045232085284921
6.165950019	0.0035830388344157
6.367955209	0.0027948821743992
6.576578374	0.002144662568085
6.792036326	0.0016172045161662
7.014552984	0.0011968390843581
7.244359601	0.0008679737617725
7.481695005	0.00061710240772608
7.726805851	0.00042858052653308
7.979946873	0.00029122754160395
8.24138115	0.00019271890220138
8.511380382	0.00012387404564451
8.790225168	7.69E-05
9.078205302	4.56E-05
9.375620069	2.48E-05
9.682778563	1.07E-05
10	0
