0.0001021415189	0.00024688256025764
0.0001054642823	0.00025491389011963
0.0001088951385	0.00026320648687713
0.0001124376038	0.00027176884983
0.0001160953089	0.00028060975467808
0.0001198720028	0.00028973826262121
0.0001237715562	0.00029916372965925
0.0001277979659	0.00030889581629202
0.0001319553587	0.00031894449701934
0.0001362479955	0.00032932007084105
0.0001406802759	0.00034003317205696
0.0001452567428	0.00035109478066688
0.0001499820866	0.00036251623397062
0.0001548611505	0.00037430923796797
0.0001598989351	0.00038648587965873
0.0001651006037	0.00039905863894268
0.0001704714877	0.00041204040201961
0.0001760170919	0.00042544447408928
0.0001817430999	0.00043928459325145
0.0001876553806	0.00045357494440589
0.0001937599935	0.00046833017415234
0.0002000631955	0.00048356540519054
0.0002065714468	0.00049929625252023
0.0002132914179	0.00051553883894112
0.0002202299962	0.00053230981165293
0.0002273942932	0.00054962635955537
0.0002347916518	0.00056750623064812
0.0002424296538	0.00058596775033089
0.0002503161274	0.00060502983990333
0.0002584591556	0.00062471203656511
0.0002668670846	0.0006450345127159
0.0002755485317	0.00066601809725532
0.0002845123948	0.00068768429638302
0.0002937678611	0.0007100553160986
0.0003033244167	0.00073315408470167
0.0003131918565	0.00075700427639184
0.0003233802937	0.00078163033526867
0.0003339001707	0.00080705750103174
0.0003447622696	0.00083331183398059
0.0003559777232	0.00086042024241477
0.0003675580265	0.00088841050973379
0.0003795150484	0.00091731132353717
0.0003918610438	0.00094715230412439
0.0004046086666	0.00097796403559493
0.000417770982	0.0010097780966482
0.0004313614804	0.0010426270940838
0.000445394091	0.0010765446945009
0.0004598831961	0.0011115656598992
0.000474843646	0.0011477258822778
0.0004902907739	0.0011850624226362
0.000506240412	0.0012236135469737
0.0005227089074	0.0012634187652897
0.0005397131391	0.0013045188735835
0.000557270535	0.0013469559948543
0.0005753990902	0.0013907736211013
0.000594117385	0.0014360166613239
0.0006134446043	0.0014827314825211
0.0006334005568	0.0015309659626923
0.000654005696	0.0015807695348365
0.0006752811406	0.0016321932409528
0.0006972486961	0.0016852897830404
0.0007199308777	0.0017401135770983
0.0007433509328	0.0017967208101256
0.0007675328653	0.0018551694951213
0.0007925014596	0.0019155195320842
0.0008182823067	0.0019778327710134
0.0008449018299	0.0020421730719078
0.0008723873123	0.0021086063717663
0.0009007669242	0.0021772007525876
0.0009300697527	0.0022480265113705
0.0009603258308	0.0023211562291139
0.0009915661687	0.0023966648498163
0.001023822785	0.0024746297524766
0.001057128741	0.0025551308350933
0.001091518173	0.002638250590665
0.001127026326	0.0027240741971902
0.001163689594	0.0028126896036675
0.001201545553	0.0029041876140952
0.001240633005	0.0029986619904718
0.001280992009	0.0030962095417956
0.001322663931	0.0031969302220648
0.001365691482	0.0033009272392777
0.00141011876	0.0034083071544326
0.001455991302	0.0035191799935273
0.001503356122	0.0036336593595602
0.001552261766	0.003751862549529
0.001602758359	0.0038739106714317
0.001654897655	0.0039999287722663
0.001708733093	0.0041300459610304
0.00176431985	0.0042643955457218
0.0018217149	0.004403115165338
0.001880977066	0.0045463469308768
0.001942167088	0.0046942375743355
0.002005347682	0.0048469385917115
0.002070583602	0.0050046064060022
0.002137941711	0.0051674025172047
0.002207491044	0.0053354936753163
0.002279302886	0.0055090520453339
0.002353450836	0.0056882553842545
0.002430010892	0.005873287223075
0.002509061522	0.006064337049792
0.002590683745	0.0062616005084023
0.00267496122	0.0064652795919024
0.002761980323	0.0066755828492886
0.002851830242	0.0068927256015572
0.002944603068	0.0071169301537046
0.003040393884	0.0073484260247266
0.003139300868	0.0075874501786193
0.003241425394	0.0078342472653784
0.00334687213	0.0080890698689996
0.003455749152	0.0083521787594784
0.00356816805	0.0086238431618102
0.003684244044	0.0089043410249902
0.003804096104	0.0091939593000134
0.003927847068	0.0094929942348749
0.004055623773	0.0098017516655693
0.004187557178	0.010120547336091
0.004323782506	0.010449707180435
0.004464439377	0.010789567724595
0.004609671954	0.011140476318565
0.004759629088	0.011502791582339
0.004914464474	0.011876883705911
0.005074336807	0.012263134819274
0.005239409943	0.012661939402421
0.00540985307	0.013073704655345
0.005585840878	0.013498850918039
0.005767553742	0.013937812040496
0.005955177902	0.014391035892708
0.00614890566	0.014858984704667
0.006348935571	0.015342135596365
0.006555472651	0.015840981017793
0.006768728584	0.016356029228942
0.006988921941	0.016887804769804
0.007216278402	0.01743684901037
0.007451030992	0.018003720650629
0.007693420313	0.018588996230572
0.007943694796	0.019193270740188
0.008202110952	0.019817158109467
0.008468933638	0.020461291858399
0.008744436327	0.021126325656971
0.009028901388	0.021812933915172
0.009322620375	0.022521812442991
0.009625894328	0.023253679090415
0.009939034079	0.024009274367431
0.01026236057	0.024789362164026
0.01059620519	0.025594730380187
0.0109409101	0.026426191665899
0.0112968286	0.027284584141149
0.01166432548	0.028170772085921
0.01204377739	0.0290856467102
0.01243557324	0.03003012692397
0.01284011459	0.031005160057216
0.01325781607	0.032011722699919
0.01368910578	0.033050821442063
0.01413442578	0.034123493703631
0.01459423246	0.035230808544603
0.01506899711	0.036373867454961
0.01555920631	0.037553805214685
0.0160653625	0.038771790683756
0.01658798445	0.040029027642152
0.01712760779	0.041326755629852
0.01768478562	0.042666250726834
0.01826008898	0.044048826403077
0.01885410752	0.045475834318555
0.01946745007	0.046948665073247
0.02010074525	0.048468749007126
0.02075464214	0.050037556950168
0.02142981093	0.051656600892347
0.02212694363	0.053327434683636
0.02284675473	0.055051654684007
0.02358998199	0.056830900273433
0.02435738716	0.058666854471884
0.02514975678	0.060561244279332
0.02596790295	0.062515841125744
0.02681266421	0.064532461111091
0.02768490638	0.06661296515534
0.02858552345	0.068759259088459
0.02951543847	0.070973293530414
0.03047560453	0.07325706367117
0.03146700573	0.075612608860693
0.03249065819	0.078042011968947
0.03354761105	0.080547398635895
0.03463894763	0.0831309361115
0.03576578645	0.085794832025724
0.03692928245	0.088541332708529
0.0381306281	0.091372721229875
0.0393710547	0.094291315089723
0.04065183359	0.097299463508032
0.04197427747	0.10039954427476
0.04333974175	0.10359395981987
0.04474962591	0.10688513366331
0.04620537498	0.11027550490505
0.04770848099	0.11376752314505
0.04926048451	0.11736364238325
0.05086297621	0.12106631391963
0.05251759855	0.12487797885413
0.05422604736	0.12880105938672
0.05599007368	0.13283794891735
0.0578114855	0.13699100194598
0.05969214963	0.14126252157258
0.06163399361	0.14565474719711
0.06363900766	0.15016983971952
0.06570924678	0.15480986603979
0.0678468328	0.15957678165787
0.07005395659	0.16447241257375
0.07233288027	0.16949843428738
0.07468593957	0.17465635019875
0.07711554618	0.17994746760783
0.07962419027	0.1853728724146
0.08221444301	0.19093340131905
0.0848889592	0.19662961262117
0.08765048001	0.20246175492095
0.0905018358	0.2084297338184
0.09344594898	0.21453307671352
0.09648583703	0.22077089560633
0.09962461562	0.22714184779685
0.1028655017	0.23364409518512
0.1062118171	0.24027526047117
0.1096669913	0.24703238225506
0.1132345657	0.25391186743685
0.1169181968	0.2609094413166
0.12072166	0.26802009499441
0.1246488536	0.27523802967038
0.1287038027	0.28255659834462
0.1328906632	0.28996824261726
0.1372137263	0.29746442648845
0.141677423	0.30503556545835
0.146286328	0.31267095172715
0.1510451652	0.32035867529504
0.1559588121	0.32808554286227
0.1610323047	0.33583699512907
0.166270843	0.34359702719572
0.171679796	0.35134811276253
0.1772647076	0.35907113982982
0.1830313018	0.36674536149795
0.1889854889	0.3743483700673
0.1951333716	0.38185609853829
0.2014812509	0.38924285911135
0.2080356329	0.39648142028697
0.2148032354	0.40354312876562
0.2217909946	0.41039807594783
0.2290060724	0.41701530943412
0.2364558638	0.42336308702504
0.2441480042	0.42940917022115
0.2520903774	0.43512115702299
0.2602911238	0.44046684713113
0.2687586484	0.44541464034611
0.2775016299	0.44993396086845
0.2865290292	0.45399569959866
0.2958500986	0.45757266223719
0.3054743915	0.46064000488448
0.315411772	0.46317563314091
0.3256724252	0.4651605423068
0.3362668675	0.46657907518243
0.3472059574	0.46741908896799
0.3585009066	0.46767203126365
0.3701632915	0.46733294276947
0.3822050652	0.4664004080855
0.3946385695	0.46487647621169
0.4074765479	0.46276656314794
0.4207321583	0.46007933439412
0.4344189866	0.45682655925001
0.4485510609	0.45302292111537
0.4631428653	0.4486857719899
0.4782093554	0.44383482497326
0.4937659731	0.43849178966507
0.5098286629	0.43267995916494
0.5264138876	0.42642376997245
0.5435386459	0.41974835588716
0.5612204893	0.41267912040863
0.5794775404	0.40524135303644
0.5983285112	0.39745990897015
0.6177927224	0.38935897080936
0.6378901235	0.38096190145365
0.6586413128	0.37229119280265
0.6800675584	0.36336850645597
0.7021908208	0.35421479491327
0.7250337746	0.34485048557418
0.7486198319	0.33529570583837
0.7729731668	0.32557052320548
0.7981187394	0.31569517367518
0.8240823221	0.3056902564471
0.8508905255	0.29557687472089
0.878570826	0.28537670909616
0.9071515937	0.27511202047255
0.9366621217	0.26480558324965
0.967132656	0.25448055812707
0.9985944266	0.24416031980441
1.031079679	0.23386825588127
1.064621709	0.22362755455724
1.099254894	0.21346099763194
1.13501473	0.20339077070499
1.171937869	0.19343829987601
1.210062153	0.18362411954465
1.249426658	0.17396777131058
1.290071728	0.16448773377349
1.332039022	0.15520137763306
1.375371554	0.14612494278903
1.420113735	0.13727353174113
1.466311422	0.12866111428912
1.514011966	0.12030053853279
1.563264255	0.11220354227192
1.614118769	0.10438076160635
1.666627631	0.096841731035897
1.720844657	0.089594870700426
1.776825415	0.082647460019808
1.834627283	0.07600559531394
1.894309501	0.069674134802738
1.955933241	0.063656636066141
2.019561661	0.057955294704112
2.085259976	0.052570894906636
2.153095521	0.047502782993725
2.223137823	0.042748873575415
2.295458669	0.038305693431765
2.370132183	0.034168462892858
2.4472349	0.030331207848797
2.526845843	0.026786889779701
2.609046608	0.023527537175709
2.693921445	0.020544361216971
2.781557342	0.017827841573651
2.872044121	0.015367775635924
2.965474524	0.013153293253977
3.061944309	0.011172848728009
3.16155235	0.0094142076902288
3.264400738	0.0078644488268594
3.370594885	0.0065099969901339
3.480243631	0.0053366985132956
3.593459358	0.0043299416385954
3.710358103	0.0034748181392896
3.831059679	0.0027563170496362
3.955687795	0.0021595383618911
4.084370185	0.0016699134933046
4.217238739	0.0012734196091179
4.354429637	0.00095677627525901
4.49608349	0.00070761478934054
4.64234548	0.00051461279835703
4.793365516	0.00036758926408344
4.949298381	0.0002575573010742
5.110303895	0.00017692751495972
5.276547076	0.00011888898235704
5.44819831	7.82E-05
5.625433526	5.01E-05
5.808434377	3.13E-05
5.997388425	1.90E-05
6.192489332	1.12E-05
6.393937063	6.43E-06
6.601938085	3.56E-06
6.816705584	1.90E-06
7.038459679	9.74E-07
7.267427652	4.77E-07
7.503844177	2.18E-07
7.747951563	8.21E-08
8	0
